10 12.91826 + -8.41252
10 18162.127351 + 72.1825678391
10 -16.126321 + 1263.1231
10 -126.1263 + -917.37162
10 -361.1252 - -0.8748
10 -61.21543 - 0.361
10 97461.4872 - 7261
10 366172389.2131627 - -723762.1235671
10 -1238.18263 * 37.12531726
10 12534512312.1251 * 9125631823123.1982631723
10 -125342312.1251 * -91256323123.1982631723
10 125342312.1251 * -912563223.1982631723
10 101230.5 / -11232.625
10 -1042121321230.51231231 / -1412.6253123123
10 -1042120.51231231 / 1412.6253123123
10 121312312300.6473 / 1252.4761
